driver 9000 9000 100 7
        9000   8999.9999999995562        8984.8199999999997        2257.8268311023712              162         645
driver 9000 9000 100 6
        9000   8999.9999999995562        8891.8299999999999        2249.8395411968231              163         648
 driver 9000 9000 100 4
        9000   8999.9999999995562        8068.5000000000000        2033.5928430557251              180         716
driver 9000 9000 100 3
        9000   8999.9999999995562        7811.2800000000007        2605.0219459533691              186         559
driver 9000 9000 100 5
        9000   8999.9999999995562        8984.9099999999999        2316.0135819911957              162         629
driver 9000 9000 1000 6
        9000   8999.9999999995562        9549.9599999999991        3719.0370550155640              152         392
driver 9000 9000 100 2
        9000   8999.9999999995562        7642.0200000000004        3823.3256878852844              190         381
